TextZoom = 0.827752
FPS = 40
TextX = -28
PacmanMoveK = 0.130000
CameraMoveK = 0.0600000
CameraZ = -41.3514
TextY = -14
